No,Date,Time,AN1,AN2,AN3,AN4
1,25 April 2022,21:38:41,35.44,34.30,35.20,35.01
2,25 April 2022,21:38:42,35.34,34.21,35.25,35.06
3,25 April 2022,21:38:44,35.25,34.26,35.20,35.01
4,25 April 2022,21:38:45,35.30,34.26,35.15,34.97
5,25 April 2022,21:38:46,35.25,34.26,35.25,35.01
6,25 April 2022,21:38:47,35.30,34.21,35.20,34.92
7,25 April 2022,21:38:48,35.30,34.26,35.25,34.92
8,25 April 2022,21:38:49,35.20,34.21,35.20,34.97
9,25 April 2022,21:38:51,35.25,34.21,35.20,34.92
10,25 April 2022,21:38:52,35.20,34.21,35.15,34.97
11,25 April 2022,21:38:53,35.25,34.26,35.15,34.92
12,25 April 2022,21:38:54,35.20,34.30,35.30,34.92
13,25 April 2022,21:38:55,35.20,34.26,35.20,34.92
14,25 April 2022,21:38:56,35.25,34.30,35.20,34.92
15,25 April 2022,21:38:58,35.25,34.26,35.20,34.87
16,25 April 2022,21:38:59,35.20,34.26,35.25,34.87
17,25 April 2022,21:39:00,35.20,34.26,35.25,34.87
18,25 April 2022,21:39:01,35.20,34.26,35.15,34.78
19,25 April 2022,21:39:02,35.34,34.26,35.20,34.82
20,25 April 2022,21:39:03,35.20,34.30,35.30,34.82
21,25 April 2022,21:39:05,35.20,34.26,35.25,34.82
22,25 April 2022,21:39:06,35.20,34.35,35.20,34.78
23,25 April 2022,21:39:07,35.20,34.30,35.30,34.87
24,25 April 2022,21:39:08,35.30,34.35,35.20,34.82
25,25 April 2022,21:39:09,35.20,34.26,35.20,34.78
26,25 April 2022,21:39:10,35.20,34.35,35.30,34.78
27,25 April 2022,21:39:12,35.25,34.30,35.20,34.73
28,25 April 2022,21:39:13,35.20,34.30,35.20,34.78
29,25 April 2022,21:39:14,35.20,34.30,35.25,34.78
30,25 April 2022,21:39:15,35.20,34.30,35.20,34.78
31,25 April 2022,21:39:16,35.20,34.30,35.25,34.73
32,25 April 2022,21:39:17,35.25,34.21,35.25,34.78
33,25 April 2022,21:39:19,35.20,34.26,35.20,34.78
34,25 April 2022,21:39:20,35.25,34.30,35.20,34.78
35,25 April 2022,21:39:21,35.20,34.26,35.20,34.73
36,25 April 2022,21:39:22,35.15,34.30,35.25,34.68
37,25 April 2022,21:39:23,35.15,34.26,35.20,34.73
38,25 April 2022,21:39:24,35.20,34.30,35.20,34.73
39,25 April 2022,21:39:26,35.20,34.30,35.20,34.63
40,25 April 2022,21:39:27,35.20,34.30,35.20,34.63
41,25 April 2022,21:39:28,35.20,34.30,35.20,34.63
42,25 April 2022,21:39:29,35.25,34.21,35.20,34.68
43,25 April 2022,21:39:30,35.20,34.30,35.20,34.63
44,25 April 2022,21:39:31,35.25,34.35,35.20,34.68
45,25 April 2022,21:39:33,35.20,34.35,35.15,34.68
46,25 April 2022,21:39:34,35.25,34.35,35.20,34.63
47,25 April 2022,21:39:35,35.15,34.35,35.25,34.68
48,25 April 2022,21:39:36,35.15,34.26,35.20,34.63
49,25 April 2022,21:39:37,35.20,34.26,35.30,34.63
50,25 April 2022,21:39:38,35.20,34.35,35.20,34.73
51,25 April 2022,21:39:39,35.15,34.30,35.20,34.59
52,25 April 2022,21:39:41,35.20,34.35,35.20,34.63
53,25 April 2022,21:39:42,35.20,34.21,35.25,34.63
54,25 April 2022,21:39:43,35.20,34.26,35.11,34.63
55,25 April 2022,21:39:44,35.20,34.26,35.20,34.63
56,25 April 2022,21:39:45,35.15,34.26,35.25,34.63
57,25 April 2022,21:39:46,35.20,34.30,35.20,34.63
58,25 April 2022,21:39:48,35.11,34.21,35.30,34.59
59,25 April 2022,21:39:49,35.15,34.30,35.20,34.68
60,25 April 2022,21:39:50,35.11,34.30,35.20,34.59
61,25 April 2022,21:39:51,35.15,34.35,35.25,34.63
62,25 April 2022,21:39:52,35.20,34.30,35.25,34.59
63,25 April 2022,21:39:53,35.20,34.26,35.20,34.63
64,25 April 2022,21:39:55,35.20,34.21,35.25,34.59
65,25 April 2022,21:39:56,35.20,34.21,35.25,34.59
66,25 April 2022,21:39:57,35.20,34.30,35.20,34.59
67,25 April 2022,21:39:58,35.25,34.30,35.20,34.63
68,25 April 2022,21:39:59,35.20,34.26,35.20,34.54
69,25 April 2022,21:40:00,35.20,34.35,35.30,34.63
70,25 April 2022,21:40:02,35.15,34.30,35.20,34.59
71,25 April 2022,21:40:03,35.20,34.26,35.25,34.59
72,25 April 2022,21:40:04,35.11,34.35,35.25,34.49
73,25 April 2022,21:40:05,35.11,34.30,35.20,34.59
74,25 April 2022,21:40:06,35.11,34.30,35.20,34.59
75,25 April 2022,21:40:07,35.15,34.26,35.25,34.54
76,25 April 2022,21:40:09,35.15,34.26,35.20,34.49
77,25 April 2022,21:40:10,35.15,34.21,35.25,34.49
78,25 April 2022,21:40:11,35.11,34.26,35.25,34.49
79,25 April 2022,21:40:12,35.11,34.35,35.20,34.49
80,25 April 2022,21:40:13,35.15,34.21,35.30,34.59
81,25 April 2022,21:40:14,35.15,34.26,35.30,34.44
82,25 April 2022,21:40:16,35.11,34.21,35.20,34.54
83,25 April 2022,21:40:17,35.06,34.21,35.20,34.44
84,25 April 2022,21:40:18,35.15,34.21,35.20,34.49
85,25 April 2022,21:40:19,35.06,34.21,35.20,34.59
86,25 April 2022,21:40:20,35.06,34.26,35.20,34.44
87,25 April 2022,21:40:21,35.11,34.21,35.20,34.49
88,25 April 2022,21:40:23,35.11,34.26,35.20,34.54
89,25 April 2022,21:40:24,35.11,34.21,35.20,34.49
90,25 April 2022,21:40:25,35.15,34.35,35.20,34.49
91,25 April 2022,21:40:26,35.11,34.26,35.20,34.49
92,25 April 2022,21:40:27,35.11,34.30,35.25,34.44
93,25 April 2022,21:40:28,35.11,34.21,35.20,34.49
94,25 April 2022,21:40:30,35.06,34.30,35.20,34.40
95,25 April 2022,21:40:31,35.11,34.21,35.20,34.49
96,25 April 2022,21:40:32,35.06,34.21,35.20,34.49
97,25 April 2022,21:40:33,35.15,34.26,35.25,34.49
98,25 April 2022,21:40:34,35.11,34.26,35.20,34.49
99,25 April 2022,21:40:35,35.11,34.30,35.25,34.49
100,25 April 2022,21:40:37,35.06,34.21,35.20,34.44
101,25 April 2022,21:40:38,35.06,34.30,35.25,34.44
102,25 April 2022,21:40:39,35.11,34.26,35.20,34.54
103,25 April 2022,21:40:40,35.11,34.26,35.20,34.40
104,25 April 2022,21:40:41,35.06,34.26,35.20,34.49
105,25 April 2022,21:40:42,35.11,34.26,35.25,34.49
106,25 April 2022,21:40:44,35.06,34.35,35.25,34.49
107,25 April 2022,21:40:45,35.06,34.21,35.25,34.49
108,25 April 2022,21:40:46,35.11,34.30,35.20,34.35
109,25 April 2022,21:40:47,35.06,34.21,35.20,34.44
110,25 April 2022,21:40:48,35.06,34.35,35.15,34.40
111,25 April 2022,21:40:49,35.11,34.30,35.20,34.44
112,25 April 2022,21:40:51,35.06,34.26,35.25,34.40
113,25 April 2022,21:40:52,35.11,34.26,35.30,34.35
114,25 April 2022,21:40:53,35.06,34.26,35.20,34.44
115,25 April 2022,21:40:54,35.11,34.35,35.25,34.44
116,25 April 2022,21:40:55,35.06,34.30,35.20,34.49
117,25 April 2022,21:40:56,35.15,34.30,35.20,34.44
118,25 April 2022,21:40:58,35.11,34.26,35.15,34.40
119,25 April 2022,21:40:59,35.15,34.30,35.20,34.49
120,25 April 2022,21:41:00,35.11,34.21,35.20,34.44
121,25 April 2022,21:41:01,35.11,34.26,35.15,34.44
122,25 April 2022,21:41:02,35.06,34.26,35.20,34.44
123,25 April 2022,21:41:03,35.06,34.30,35.20,34.40
124,25 April 2022,21:41:05,35.11,34.35,35.20,34.40
125,25 April 2022,21:41:06,35.06,34.30,35.20,34.49
126,25 April 2022,21:41:07,35.11,34.30,35.25,34.40
127,25 April 2022,21:41:08,35.06,34.30,35.20,34.49
128,25 April 2022,21:41:09,35.06,34.30,35.20,34.44
129,25 April 2022,21:41:10,35.06,34.26,35.20,34.35
130,25 April 2022,21:41:12,35.06,34.26,35.20,34.54
131,25 April 2022,21:41:13,35.11,34.30,35.20,34.44
132,25 April 2022,21:41:14,35.06,34.26,35.30,34.40
133,25 April 2022,21:41:15,35.11,34.30,35.20,34.35
134,25 April 2022,21:41:16,35.11,34.30,35.20,34.44
135,25 April 2022,21:41:17,35.06,34.26,35.20,34.40
136,25 April 2022,21:41:19,35.11,34.26,35.20,34.40
137,25 April 2022,21:41:20,35.11,34.21,35.11,34.49
138,25 April 2022,21:41:21,35.06,34.26,35.20,34.40
139,25 April 2022,21:41:22,35.11,34.26,35.20,34.40
140,25 April 2022,21:41:23,35.11,34.26,35.15,34.49
141,25 April 2022,21:41:24,35.11,34.30,35.20,34.49
142,25 April 2022,21:41:26,35.06,34.21,35.25,34.49
143,25 April 2022,21:41:27,35.06,34.16,35.20,34.44
144,25 April 2022,21:41:28,35.11,34.11,35.20,34.44
145,25 April 2022,21:41:29,35.15,34.07,35.25,34.40
146,25 April 2022,21:41:30,35.06,34.11,35.20,34.40
147,25 April 2022,21:41:31,35.06,34.16,35.20,34.40
148,25 April 2022,21:41:33,35.11,34.07,35.25,34.44
149,25 April 2022,21:41:34,35.06,34.07,35.30,34.44
150,25 April 2022,21:41:35,35.06,33.92,35.25,34.40
151,25 April 2022,21:41:36,35.01,33.97,35.25,34.40
152,25 April 2022,21:41:37,35.15,34.02,35.30,34.40
153,25 April 2022,21:41:38,35.01,34.02,35.25,34.40
154,25 April 2022,21:41:40,35.06,33.92,35.15,34.35
155,25 April 2022,21:41:41,35.11,33.88,35.06,34.30
156,25 April 2022,21:41:42,35.11,33.97,35.06,34.35
157,25 April 2022,21:41:43,35.06,33.83,35.11,34.44
158,25 April 2022,21:41:44,35.11,33.73,34.97,34.44
159,25 April 2022,21:41:45,35.11,33.73,34.87,34.44
160,25 April 2022,21:41:47,35.06,33.64,34.82,34.35
161,25 April 2022,21:41:48,35.01,33.50,34.92,34.40
162,25 April 2022,21:41:49,35.11,33.55,34.82,34.40
163,25 April 2022,21:41:50,35.15,33.50,34.78,34.54
164,25 April 2022,21:41:51,35.11,33.40,34.73,34.49
165,25 April 2022,21:41:52,35.06,33.40,34.63,34.49
166,25 April 2022,21:41:54,35.06,33.31,34.63,34.44
167,25 April 2022,21:41:55,35.06,33.21,34.59,34.49
168,25 April 2022,21:41:56,35.01,33.17,34.54,34.49
169,25 April 2022,21:41:57,35.06,32.88,34.40,34.49
170,25 April 2022,21:41:58,35.06,32.55,34.49,34.49
171,25 April 2022,21:41:59,35.06,32.17,34.30,34.44
172,25 April 2022,21:42:01,35.01,31.94,34.21,34.54
173,25 April 2022,21:42:02,35.06,31.80,34.16,34.44
174,25 April 2022,21:42:03,35.01,31.51,34.07,34.49
175,25 April 2022,21:42:04,35.11,31.23,33.92,34.49
176,25 April 2022,21:42:05,35.01,31.04,33.78,34.49
177,25 April 2022,21:42:06,35.01,30.75,33.64,34.54
178,25 April 2022,21:42:08,35.06,30.61,33.59,34.59
179,25 April 2022,21:42:09,35.01,30.42,33.50,34.40
180,25 April 2022,21:42:10,35.06,30.23,33.36,34.49
181,25 April 2022,21:42:11,35.01,30.09,33.21,34.54
182,25 April 2022,21:42:12,35.06,29.95,33.07,34.49
183,25 April 2022,21:42:13,35.01,29.71,33.03,34.49
184,25 April 2022,21:42:15,34.97,29.52,32.88,34.54
185,25 April 2022,21:42:16,35.01,29.24,32.79,34.49
186,25 April 2022,21:42:17,35.01,29.00,32.65,34.59
187,25 April 2022,21:42:18,35.01,28.81,32.65,34.49
188,25 April 2022,21:42:19,35.01,28.63,32.50,34.54
189,25 April 2022,21:42:20,35.01,28.44,32.41,34.49
190,25 April 2022,21:42:22,35.01,28.25,32.36,34.54
191,25 April 2022,21:42:23,35.01,28.25,32.27,34.49
192,25 April 2022,21:42:24,34.97,28.10,32.27,34.59
193,25 April 2022,21:42:25,35.06,28.01,32.13,34.49
194,25 April 2022,21:42:26,35.06,27.92,32.03,34.54
195,25 April 2022,21:42:27,35.01,27.87,32.03,34.49
196,25 April 2022,21:42:29,34.97,27.77,31.94,34.49
197,25 April 2022,21:42:30,34.97,27.63,31.80,34.54
198,25 April 2022,21:42:31,35.01,27.49,31.65,34.59
199,25 April 2022,21:42:32,34.97,27.25,31.65,34.49
200,25 April 2022,21:42:33,35.01,27.25,31.51,34.54
201,25 April 2022,21:42:34,35.06,27.21,31.51,34.54
202,25 April 2022,21:42:36,35.01,27.06,31.42,34.59
203,25 April 2022,21:42:37,34.92,26.83,31.18,34.49
204,25 April 2022,21:42:38,35.01,26.83,31.23,34.59
205,25 April 2022,21:42:39,35.01,26.83,31.23,34.59
206,25 April 2022,21:42:40,35.01,26.83,31.18,34.49
207,25 April 2022,21:42:41,34.92,26.73,31.04,34.59
208,25 April 2022,21:42:43,34.97,26.59,30.99,34.73
209,25 April 2022,21:42:44,34.97,26.50,30.85,34.78
210,25 April 2022,21:42:45,34.92,26.45,30.75,34.73
211,25 April 2022,21:42:46,35.06,26.26,30.66,34.73
212,25 April 2022,21:42:47,34.92,26.07,30.61,34.68
213,25 April 2022,21:42:48,35.01,25.88,30.52,34.73
214,25 April 2022,21:42:50,34.97,25.93,30.47,34.68
215,25 April 2022,21:42:51,34.92,26.07,30.52,34.63
216,25 April 2022,21:42:52,35.06,26.12,30.56,34.59
217,25 April 2022,21:42:53,35.01,26.21,30.47,34.59
218,25 April 2022,21:42:54,34.92,26.21,30.47,34.59
219,25 April 2022,21:42:55,34.92,26.21,30.38,34.63
220,25 April 2022,21:42:57,34.97,26.26,30.33,34.54
221,25 April 2022,21:42:58,34.97,26.26,30.38,34.59
222,25 April 2022,21:42:59,34.97,26.31,30.33,34.54
223,25 April 2022,21:43:00,34.97,26.26,30.19,34.44
224,25 April 2022,21:43:01,34.92,26.21,30.23,34.49
225,25 April 2022,21:43:02,34.97,26.31,30.23,34.49
226,25 April 2022,21:43:04,34.92,26.26,30.19,34.59
227,25 April 2022,21:43:05,34.97,26.12,30.04,34.59
228,25 April 2022,21:43:06,35.01,25.98,29.95,34.49
229,25 April 2022,21:43:07,35.06,25.74,29.81,34.59
230,25 April 2022,21:43:08,34.97,25.55,29.67,34.54
231,25 April 2022,21:43:09,34.97,25.36,29.57,34.49
232,25 April 2022,21:43:11,34.97,25.22,29.52,34.49
233,25 April 2022,21:43:12,34.97,24.98,29.52,34.59
234,25 April 2022,21:43:13,34.92,24.93,29.38,34.49
235,25 April 2022,21:43:14,35.01,25.08,29.38,34.54
236,25 April 2022,21:43:15,35.01,25.22,29.43,34.59
237,25 April 2022,21:43:16,34.97,25.27,29.38,34.63
238,25 April 2022,21:43:18,35.01,25.41,29.43,34.54
239,25 April 2022,21:43:19,34.92,25.27,29.29,34.63
240,25 April 2022,21:43:20,34.92,25.12,29.19,34.68
241,25 April 2022,21:43:21,35.06,24.84,29.15,34.59
242,25 April 2022,21:43:22,34.97,24.79,29.05,34.63
243,25 April 2022,21:43:23,34.97,24.75,28.96,34.63
244,25 April 2022,21:43:25,34.92,24.70,28.86,34.59
245,25 April 2022,21:43:26,34.92,24.56,28.77,34.63
246,25 April 2022,21:43:27,34.92,24.51,28.72,34.54
247,25 April 2022,21:43:28,34.97,24.46,28.72,34.59
248,25 April 2022,21:43:29,34.97,24.41,28.67,34.59
249,25 April 2022,21:43:30,34.92,24.51,28.58,34.54
250,25 April 2022,21:43:32,34.97,24.46,28.48,34.54
251,25 April 2022,21:43:33,35.01,24.51,28.48,34.63
252,25 April 2022,21:43:34,35.01,24.32,28.44,34.59
253,25 April 2022,21:43:35,34.92,24.22,28.39,34.49
254,25 April 2022,21:43:36,34.92,24.08,28.44,34.59
255,25 April 2022,21:43:37,35.06,23.99,28.25,34.54
256,25 April 2022,21:43:39,34.92,23.85,28.25,34.54
257,25 April 2022,21:43:40,34.92,23.85,28.20,34.54
258,25 April 2022,21:43:41,34.92,23.85,28.10,34.49
259,25 April 2022,21:43:42,34.97,23.75,28.10,34.49
260,25 April 2022,21:43:43,35.01,23.75,28.06,34.54
261,25 April 2022,21:43:44,34.97,23.94,28.06,34.44
262,25 April 2022,21:43:45,34.92,23.94,27.96,34.49
263,25 April 2022,21:43:47,34.97,23.99,27.92,34.54
264,25 April 2022,21:43:48,34.92,24.04,27.92,34.49
265,25 April 2022,21:43:49,34.92,23.94,27.82,34.49
266,25 April 2022,21:43:50,35.01,23.89,27.68,34.44
267,25 April 2022,21:43:51,34.97,23.70,27.68,34.54
268,25 April 2022,21:43:52,34.97,23.70,27.58,34.49
269,25 April 2022,21:43:54,34.92,23.52,27.54,34.49
270,25 April 2022,21:43:55,34.97,23.42,27.54,34.54
271,25 April 2022,21:43:56,34.92,23.28,27.54,34.40
272,25 April 2022,21:43:57,34.97,23.47,27.58,34.44
273,25 April 2022,21:43:58,34.92,23.52,27.49,34.44
274,25 April 2022,21:43:59,34.97,23.75,27.39,34.49
275,25 April 2022,21:44:01,34.97,23.85,27.49,34.40
276,25 April 2022,21:44:02,34.87,24.13,27.44,34.40
277,25 April 2022,21:44:03,34.97,24.04,27.44,34.49
278,25 April 2022,21:44:04,34.97,24.04,27.39,34.44
279,25 April 2022,21:44:05,34.92,23.99,27.35,34.49
280,25 April 2022,21:44:06,34.92,24.08,27.25,34.40
281,25 April 2022,21:44:08,34.92,24.27,27.30,34.40
282,25 April 2022,21:44:09,34.92,24.18,27.21,34.40
283,25 April 2022,21:44:10,35.01,24.04,27.11,34.40
284,25 April 2022,21:44:11,34.92,23.94,27.11,34.49
285,25 April 2022,21:44:12,34.92,23.70,27.02,34.49
286,25 April 2022,21:44:13,35.01,23.61,26.97,34.44
287,25 April 2022,21:44:15,34.97,23.56,26.92,34.44
288,25 April 2022,21:44:16,34.92,23.47,26.92,34.44
289,25 April 2022,21:44:17,34.87,23.33,26.87,34.44
290,25 April 2022,21:44:18,34.87,23.14,26.87,34.44
291,25 April 2022,21:44:19,34.92,23.14,26.83,34.44
292,25 April 2022,21:44:20,34.92,23.09,26.78,34.44
293,25 April 2022,21:44:22,34.97,22.99,26.83,34.44
294,25 April 2022,21:44:23,34.97,22.90,26.69,34.40
295,25 April 2022,21:44:24,34.92,22.90,26.69,34.49
296,25 April 2022,21:44:25,34.87,22.81,26.64,34.40
297,25 April 2022,21:44:26,34.92,22.71,26.59,34.40
298,25 April 2022,21:44:28,34.87,22.71,26.54,34.44
299,25 April 2022,21:44:29,34.97,22.66,26.50,34.35
300,25 April 2022,21:44:30,34.97,22.71,26.54,34.40
301,25 April 2022,21:44:31,34.92,22.71,26.54,34.49
302,25 April 2022,21:44:32,35.01,22.71,26.40,34.54
303,25 April 2022,21:44:33,34.92,22.66,26.40,34.44
304,25 April 2022,21:44:34,34.97,22.62,26.35,34.40
305,25 April 2022,21:44:36,34.92,22.66,26.35,34.44
306,25 April 2022,21:44:37,34.97,22.71,26.35,34.40
307,25 April 2022,21:44:38,34.92,22.66,26.31,34.35
308,25 April 2022,21:44:39,34.92,22.71,26.31,34.44
309,25 April 2022,21:44:40,34.97,22.66,26.31,34.49
310,25 April 2022,21:44:41,34.92,22.76,26.31,34.49
311,25 April 2022,21:44:43,34.97,22.71,26.21,34.49
312,25 April 2022,21:44:44,34.97,22.62,26.16,34.40
313,25 April 2022,21:44:45,34.82,22.62,26.12,34.40
314,25 April 2022,21:44:46,34.97,22.57,26.12,34.35
315,25 April 2022,21:44:47,34.87,22.57,26.07,34.49
316,25 April 2022,21:44:48,34.92,22.52,26.07,34.44
317,25 April 2022,21:44:50,34.92,22.43,26.07,34.35
318,25 April 2022,21:44:51,34.97,22.52,26.02,34.40
319,25 April 2022,21:44:53,34.97,22.52,25.93,34.49
320,25 April 2022,21:44:54,34.92,22.43,25.98,34.35
321,25 April 2022,21:44:55,34.87,22.38,25.88,34.40
322,25 April 2022,21:44:56,34.92,22.43,25.93,34.35
323,25 April 2022,21:44:58,34.78,22.62,25.98,34.35
324,25 April 2022,21:44:59,34.87,22.71,25.98,34.40
325,25 April 2022,21:45:00,34.87,22.71,25.98,34.44
326,25 April 2022,21:45:01,34.82,22.81,26.02,34.40
327,25 April 2022,21:45:02,34.92,22.99,26.12,34.35
328,25 April 2022,21:45:03,34.92,22.99,26.21,34.49
329,25 April 2022,21:45:05,34.92,23.18,26.26,34.44
330,25 April 2022,21:45:06,34.87,23.14,26.26,34.35
331,25 April 2022,21:45:07,34.97,23.18,26.26,34.40
332,25 April 2022,21:45:08,34.92,23.14,26.21,34.44
333,25 April 2022,21:45:09,34.92,23.14,26.26,34.35
334,25 April 2022,21:45:10,34.87,22.99,26.16,34.44
335,25 April 2022,21:45:11,34.92,22.90,26.12,34.40
336,25 April 2022,21:45:13,34.92,22.76,26.12,34.40
337,25 April 2022,21:45:14,34.92,22.76,26.07,34.44
338,25 April 2022,21:45:15,34.87,22.81,26.16,34.44
339,25 April 2022,21:45:16,34.92,22.71,26.16,34.35
340,25 April 2022,21:45:17,34.92,22.71,26.16,34.40
341,25 April 2022,21:45:18,34.92,22.81,26.26,34.40
342,25 April 2022,21:45:20,34.87,23.04,26.40,34.44
343,25 April 2022,21:45:21,34.92,23.47,26.50,34.44
344,25 April 2022,21:45:22,34.87,23.66,26.59,34.40
345,25 April 2022,21:45:23,34.92,23.70,26.69,34.44
346,25 April 2022,21:45:24,34.87,23.85,26.78,34.35
347,25 April 2022,21:45:25,34.92,23.99,26.83,34.35
348,25 April 2022,21:45:27,34.87,24.18,26.97,34.40
349,25 April 2022,21:45:28,34.87,24.37,27.06,34.35
350,25 April 2022,21:45:29,34.87,24.37,27.11,34.44
351,25 April 2022,21:45:30,34.87,24.46,27.21,34.44
352,25 April 2022,21:45:31,34.92,24.70,27.25,34.44
353,25 April 2022,21:45:32,34.82,24.84,27.30,34.44
354,25 April 2022,21:45:34,34.82,24.98,27.44,34.49
355,25 April 2022,21:45:35,34.92,25.12,27.58,34.44
356,25 April 2022,21:45:36,34.87,25.17,27.54,34.35
357,25 April 2022,21:45:37,34.87,25.41,27.68,34.44
358,25 April 2022,21:45:38,34.87,25.55,27.77,34.40
359,25 April 2022,21:45:39,34.82,25.74,27.82,34.35
360,25 April 2022,21:45:41,34.92,25.98,27.87,34.44
361,25 April 2022,21:45:42,34.78,26.07,27.92,34.44
362,25 April 2022,21:45:43,34.92,26.12,27.87,34.35
363,25 April 2022,21:45:44,34.82,26.12,27.92,34.35
364,25 April 2022,21:45:45,34.87,26.12,27.73,34.35
365,25 April 2022,21:45:46,34.82,26.07,27.73,34.35
366,25 April 2022,21:45:48,34.78,26.26,27.82,34.40
367,25 April 2022,21:45:49,34.87,26.50,27.92,34.35
368,25 April 2022,21:45:50,34.87,26.59,27.92,34.40
369,25 April 2022,21:45:51,34.87,26.54,27.82,34.35
370,25 April 2022,21:45:52,34.87,26.35,27.73,34.35
371,25 April 2022,21:45:53,34.87,26.31,27.73,34.35
372,25 April 2022,21:45:55,34.82,26.26,27.63,34.35
373,25 April 2022,21:45:56,34.78,26.12,27.63,34.40
374,25 April 2022,21:45:57,34.87,26.12,27.54,34.40
375,25 April 2022,21:45:58,34.87,26.02,27.54,34.35
376,25 April 2022,21:45:59,34.82,25.98,27.44,34.35
377,25 April 2022,21:46:00,34.87,25.98,27.39,34.35
378,25 April 2022,21:46:02,34.82,25.98,27.30,34.40
379,25 April 2022,21:46:03,34.78,25.98,27.30,34.35
380,25 April 2022,21:46:04,34.87,25.98,27.25,34.35
381,25 April 2022,21:46:05,34.87,25.98,27.30,34.35
382,25 April 2022,21:46:06,34.87,25.98,27.30,34.40
383,25 April 2022,21:46:07,34.82,26.12,27.35,34.49
384,25 April 2022,21:46:09,34.82,26.07,27.25,34.73
385,25 April 2022,21:46:10,34.87,26.12,27.30,35.11
386,25 April 2022,21:46:11,34.82,26.16,27.39,35.44
387,25 April 2022,21:46:12,34.87,26.21,27.25,35.63
388,25 April 2022,21:46:13,34.78,26.12,27.25,35.91
389,25 April 2022,21:46:14,34.87,26.12,27.25,36.10
390,25 April 2022,21:46:16,34.82,25.98,27.21,36.34
391,25 April 2022,21:46:17,34.87,25.88,27.11,37.19
392,25 April 2022,21:46:18,34.87,25.83,27.16,38.47
393,25 April 2022,21:46:19,34.92,25.83,26.97,40.69
394,25 April 2022,21:46:20,34.92,25.69,26.97,41.64
395,25 April 2022,21:46:21,34.92,25.69,27.02,41.21
396,25 April 2022,21:46:23,34.82,25.55,26.97,40.69
397,25 April 2022,21:46:24,34.82,25.60,26.87,40.26
398,25 April 2022,21:46:25,34.92,25.74,26.87,39.84
399,25 April 2022,21:46:26,34.87,25.69,26.87,39.46
400,25 April 2022,21:46:27,34.97,25.60,26.83,39.27
401,25 April 2022,21:46:28,34.97,25.55,26.83,39.03
402,25 April 2022,21:46:30,34.92,25.50,26.83,39.32
403,25 April 2022,21:46:31,34.92,25.41,26.83,41.31
404,25 April 2022,21:46:32,34.92,25.36,26.73,43.67
405,25 April 2022,21:46:33,34.82,25.36,26.73,45.56
406,25 April 2022,21:46:34,34.92,25.27,26.69,47.17
407,25 April 2022,21:46:35,34.92,25.27,26.64,48.50
408,25 April 2022,21:46:37,34.92,25.22,26.64,49.77
409,25 April 2022,21:46:38,34.92,25.22,26.64,50.82
410,25 April 2022,21:46:39,34.92,25.17,26.64,51.71
411,25 April 2022,21:46:40,34.92,25.17,26.64,52.52
412,25 April 2022,21:46:41,34.87,25.08,26.54,53.32
413,25 April 2022,21:46:42,34.92,25.08,26.54,53.94
414,25 April 2022,21:46:44,34.92,25.03,26.50,53.99
415,25 April 2022,21:46:45,34.92,25.12,26.54,52.66
416,25 April 2022,21:46:46,34.92,25.03,26.45,51.38
417,25 April 2022,21:46:47,34.92,24.98,26.40,50.39
418,25 April 2022,21:46:48,34.97,24.98,26.45,49.54
419,25 April 2022,21:46:49,34.92,25.03,26.40,48.78
420,25 April 2022,21:46:51,34.97,24.93,26.40,48.26
421,25 April 2022,21:46:52,34.97,24.93,26.40,47.79
422,25 April 2022,21:46:53,34.97,24.93,26.45,47.41
423,25 April 2022,21:46:54,34.92,24.84,26.35,47.36
424,25 April 2022,21:46:55,35.06,24.84,26.35,47.36
425,25 April 2022,21:46:56,35.01,24.93,26.40,47.27
426,25 April 2022,21:46:58,35.06,24.89,26.45,47.22
427,25 April 2022,21:46:59,34.97,24.89,26.40,48.17
428,25 April 2022,21:47:00,35.01,24.84,26.35,48.69
429,25 April 2022,21:47:01,34.97,24.79,26.35,49.25
430,25 April 2022,21:47:02,34.97,24.75,26.40,49.77
431,25 April 2022,21:47:03,34.97,24.75,26.35,50.06
432,25 April 2022,21:47:05,34.97,24.70,26.35,50.44
433,25 April 2022,21:47:06,34.97,24.70,26.35,50.96
434,25 April 2022,21:47:07,35.01,24.70,26.35,50.67
435,25 April 2022,21:47:08,35.01,24.65,26.35,50.20
436,25 April 2022,21:47:09,35.01,24.70,26.31,49.77
437,25 April 2022,21:47:10,35.06,24.70,26.35,49.40
438,25 April 2022,21:47:12,35.06,24.65,26.35,49.02
439,25 April 2022,21:47:13,35.06,24.70,26.35,48.64
440,25 April 2022,21:47:14,35.01,24.75,26.26,48.31
441,25 April 2022,21:47:15,35.01,24.70,26.21,47.98
442,25 April 2022,21:47:16,34.92,24.79,26.31,47.69
443,25 April 2022,21:47:17,35.01,24.93,26.35,47.41
444,25 April 2022,21:47:19,34.97,24.84,26.31,47.12
445,25 April 2022,21:47:20,35.06,24.79,26.31,46.89
446,25 April 2022,21:47:21,35.06,24.79,26.35,46.75
447,25 April 2022,21:47:22,35.01,24.70,26.31,46.56
448,25 April 2022,21:47:23,35.06,24.75,26.31,46.27
449,25 April 2022,21:47:24,35.06,24.70,26.26,46.04
450,25 April 2022,21:47:26,35.06,24.70,26.26,45.85
451,25 April 2022,21:47:27,35.01,24.65,26.21,45.61
452,25 April 2022,21:47:28,35.06,24.56,26.26,45.42
453,25 April 2022,21:47:29,35.06,24.56,26.16,45.23
454,25 April 2022,21:47:30,35.11,24.41,26.16,45.00
455,25 April 2022,21:47:31,35.01,24.46,26.12,44.90
456,25 April 2022,21:47:33,35.11,24.41,26.12,44.66
457,25 April 2022,21:47:34,35.01,24.37,26.12,44.57
458,25 April 2022,21:47:35,35.01,24.46,26.07,44.48
459,25 April 2022,21:47:36,35.06,24.41,26.07,44.33
460,25 April 2022,21:47:37,35.01,24.32,26.07,44.19
461,25 April 2022,21:47:38,35.01,24.27,26.12,44.00
462,25 April 2022,21:47:40,35.06,24.22,26.02,43.91
463,25 April 2022,21:47:41,34.97,24.18,26.02,43.72
464,25 April 2022,21:47:42,34.92,24.27,26.07,43.62
465,25 April 2022,21:47:43,34.97,24.22,25.98,43.48
466,25 April 2022,21:47:44,34.97,24.22,26.07,43.39
467,25 April 2022,21:47:45,34.92,24.13,26.02,43.20
468,25 April 2022,21:47:47,34.97,24.18,26.02,43.20
469,25 April 2022,21:47:48,35.01,24.08,26.02,43.10
470,25 April 2022,21:47:49,34.92,24.04,25.98,42.96
471,25 April 2022,21:47:50,34.97,24.08,25.98,42.87
472,25 April 2022,21:47:51,34.92,24.08,25.93,42.72
473,25 April 2022,21:47:52,34.92,24.08,25.93,42.63
474,25 April 2022,21:47:54,34.97,24.13,26.02,42.54
475,25 April 2022,21:47:55,35.01,24.13,25.93,42.39
476,25 April 2022,21:47:56,34.92,24.08,25.93,42.30
477,25 April 2022,21:47:57,34.92,24.13,25.88,42.25
478,25 April 2022,21:47:58,34.87,24.08,25.98,42.16
479,25 April 2022,21:47:59,34.92,24.13,25.79,42.06
480,25 April 2022,21:48:00,34.92,24.08,25.93,41.92
481,25 April 2022,21:48:02,34.87,24.04,25.79,41.87
482,25 April 2022,21:48:03,34.87,23.99,25.83,41.73
483,25 April 2022,21:48:04,34.87,23.99,25.83,41.68
484,25 April 2022,21:48:05,34.82,24.04,25.79,41.68
485,25 April 2022,21:48:06,34.82,23.99,25.83,41.54
486,25 April 2022,21:48:07,34.78,23.94,25.83,41.45
487,25 April 2022,21:48:09,34.82,23.99,25.79,41.35
488,25 April 2022,21:48:10,34.78,23.99,25.79,41.26
489,25 April 2022,21:48:11,34.87,24.04,25.83,41.12
490,25 April 2022,21:48:12,34.82,23.99,25.74,41.02
491,25 April 2022,21:48:13,34.82,23.94,25.69,41.02
492,25 April 2022,21:48:14,34.78,23.99,25.69,40.93
493,25 April 2022,21:48:16,34.78,24.04,25.79,40.88
494,25 April 2022,21:48:17,34.78,23.99,25.69,40.74
495,25 April 2022,21:48:18,34.78,24.04,25.69,40.78
496,25 April 2022,21:48:19,34.82,23.89,25.69,40.60
497,25 April 2022,21:48:20,34.78,23.99,25.69,40.55
498,25 April 2022,21:48:21,34.78,23.94,25.69,40.45
499,25 April 2022,21:48:23,34.73,23.99,25.69,40.36
500,25 April 2022,21:48:24,34.82,24.13,25.79,40.41
501,25 April 2022,21:48:25,34.73,24.13,25.79,40.22
502,25 April 2022,21:48:26,34.78,24.08,25.79,40.22
503,25 April 2022,21:48:27,34.78,24.13,25.74,40.12
504,25 April 2022,21:48:29,34.82,24.13,25.79,40.03
505,25 April 2022,21:48:30,34.82,24.32,25.83,39.89
506,25 April 2022,21:48:31,34.82,24.37,25.98,39.84
507,25 April 2022,21:48:32,34.78,24.41,25.83,39.74
508,25 April 2022,21:48:33,34.73,24.27,25.88,39.60
509,25 April 2022,21:48:34,34.78,24.27,25.74,39.55
510,25 April 2022,21:48:36,34.68,24.27,25.79,39.41
511,25 April 2022,21:48:37,34.78,24.37,25.83,39.32
512,25 April 2022,21:48:38,34.68,24.32,25.69,39.32
513,25 April 2022,21:48:39,34.87,24.37,25.74,39.22
514,25 April 2022,21:48:40,34.63,24.27,25.74,39.18
515,25 April 2022,21:48:41,34.78,24.37,25.83,39.08
516,25 April 2022,21:48:43,34.68,24.41,25.83,39.03
517,25 April 2022,21:48:44,34.73,24.41,25.83,38.89
518,25 April 2022,21:48:45,34.73,24.46,25.88,38.80
519,25 April 2022,21:48:46,34.73,24.46,25.74,38.80
520,25 April 2022,21:48:47,34.73,24.51,25.74,38.70
521,25 April 2022,21:48:48,34.78,24.51,25.79,38.70
522,25 April 2022,21:48:50,34.78,24.46,25.74,38.56
523,25 April 2022,21:48:51,34.82,24.51,25.79,38.51
524,25 April 2022,21:48:52,34.73,24.37,25.69,38.47
525,25 April 2022,21:48:53,34.82,24.27,25.69,38.37
526,25 April 2022,21:48:54,34.73,24.27,25.74,38.32
527,25 April 2022,21:48:55,34.68,24.18,25.69,38.32
528,25 April 2022,21:48:57,34.73,24.22,25.69,38.18
529,25 April 2022,21:48:58,34.68,24.22,25.64,38.18
530,25 April 2022,21:48:59,34.73,24.18,25.55,38.09
531,25 April 2022,21:49:00,34.73,24.13,25.64,38.04
532,25 April 2022,21:49:01,34.78,24.22,25.55,37.99
533,25 April 2022,21:49:02,34.78,24.13,25.60,37.99
534,25 April 2022,21:49:03,34.73,24.13,25.55,37.90
535,25 April 2022,21:49:05,34.73,24.13,25.55,37.85
536,25 April 2022,21:49:06,34.68,24.08,25.55,37.76
537,25 April 2022,21:49:07,34.68,24.13,25.69,37.76
538,25 April 2022,21:49:08,34.73,24.27,25.69,37.85
539,25 April 2022,21:49:09,34.78,24.27,25.64,38.09
540,25 April 2022,21:49:10,34.78,24.18,25.74,38.32
541,25 April 2022,21:49:12,34.73,24.18,25.64,38.80
542,25 April 2022,21:49:13,34.73,24.27,25.74,39.60
543,25 April 2022,21:49:14,34.78,24.22,25.74,40.45
544,25 April 2022,21:49:15,34.68,24.18,25.74,41.40
545,25 April 2022,21:49:16,34.78,24.22,25.83,42.20
546,25 April 2022,21:49:17,34.73,24.18,25.79,42.96
547,25 April 2022,21:49:19,34.73,24.13,25.83,43.62
548,25 April 2022,21:49:20,34.78,24.18,25.83,44.29
549,25 April 2022,21:49:21,34.78,24.18,25.83,44.81
550,25 April 2022,21:49:22,34.78,24.18,25.83,45.47
551,25 April 2022,21:49:23,34.73,24.41,25.88,46.18
552,25 April 2022,21:49:24,34.78,24.27,25.93,47.03
553,25 April 2022,21:49:26,34.78,24.18,25.83,47.88
554,25 April 2022,21:49:27,34.78,24.18,25.98,48.69
555,25 April 2022,21:49:28,34.82,24.18,26.02,49.35
556,25 April 2022,21:49:29,34.82,24.18,25.98,50.11
557,25 April 2022,21:49:30,34.87,24.13,25.93,50.82
558,25 April 2022,21:49:31,34.78,24.13,25.88,51.38
559,25 April 2022,21:49:33,34.78,24.13,25.88,52.00
560,25 April 2022,21:49:34,34.82,24.18,25.88,52.85
561,25 April 2022,21:49:35,34.87,24.13,25.88,53.18
562,25 April 2022,21:49:36,34.82,24.13,25.88,53.13
563,25 April 2022,21:49:37,34.82,24.13,25.79,53.09
564,25 April 2022,21:49:38,34.87,24.08,25.79,53.23
565,25 April 2022,21:49:40,34.87,24.18,25.79,53.56
566,25 April 2022,21:49:41,34.82,24.04,25.74,54.08
567,25 April 2022,21:49:42,34.87,24.08,25.79,54.46
568,25 April 2022,21:49:43,34.87,24.08,25.74,54.88
569,25 April 2022,21:49:44,34.78,23.94,25.69,55.31
570,25 April 2022,21:49:45,34.87,23.99,25.69,55.74
571,25 April 2022,21:49:47,34.82,23.99,25.69,56.21
572,25 April 2022,21:49:48,34.82,23.99,25.69,56.78
573,25 April 2022,21:49:49,34.87,23.99,25.74,57.20
574,25 April 2022,21:49:50,34.87,23.99,25.60,57.77
575,25 April 2022,21:49:51,34.92,23.94,25.55,57.72
576,25 April 2022,21:49:52,34.92,23.94,25.60,57.63
577,25 April 2022,21:49:54,34.87,23.89,25.64,57.34
578,25 April 2022,21:49:55,34.92,23.94,25.60,57.16
579,25 April 2022,21:49:56,34.87,23.94,25.64,57.30
580,25 April 2022,21:49:57,34.87,23.94,25.69,57.77
581,25 April 2022,21:49:58,34.82,23.94,25.74,58.39
582,25 April 2022,21:49:59,34.87,23.99,25.60,58.95
583,25 April 2022,21:50:01,34.92,23.99,25.69,59.19
584,25 April 2022,21:50:02,34.92,23.89,25.60,67.61
585,25 April 2022,21:50:03,34.97,23.99,25.64,73.53
586,25 April 2022,21:50:04,35.01,23.85,25.64,77.74
587,25 April 2022,21:50:05,34.87,23.89,25.60,80.86
588,25 April 2022,21:50:06,34.92,23.85,25.55,83.37
589,25 April 2022,21:50:08,34.87,23.85,25.60,80.15
590,25 April 2022,21:50:09,34.92,23.80,25.60,76.79
591,25 April 2022,21:50:10,34.87,23.85,25.60,74.33
592,25 April 2022,21:50:11,34.92,23.85,25.55,72.53
593,25 April 2022,21:50:12,34.92,23.85,25.60,71.11
594,25 April 2022,21:50:13,34.92,23.80,25.55,69.93
595,25 April 2022,21:50:15,34.92,23.80,25.55,68.84
596,25 April 2022,21:50:16,34.97,23.85,25.55,67.99
597,25 April 2022,21:50:17,34.97,23.85,25.55,68.70
598,25 April 2022,21:50:18,35.01,23.80,25.50,75.80
599,25 April 2022,21:50:19,35.01,23.80,25.55,79.91
600,25 April 2022,21:50:20,34.97,23.80,25.50,83.13
601,25 April 2022,21:50:22,35.06,23.85,25.50,85.73
602,25 April 2022,21:50:23,34.97,23.85,25.55,83.27
603,25 April 2022,21:50:24,34.92,23.85,25.50,79.82
604,25 April 2022,21:50:25,35.06,23.89,25.50,77.50
605,25 April 2022,21:50:26,34.97,23.85,25.50,75.89
606,25 April 2022,21:50:27,34.97,23.85,25.55,74.52
607,25 April 2022,21:50:29,35.01,23.75,25.45,74.28
608,25 April 2022,21:50:30,34.97,23.85,25.36,76.27
609,25 April 2022,21:50:31,35.01,23.75,25.55,79.68
610,25 April 2022,21:50:32,34.97,23.70,25.41,82.66
611,25 April 2022,21:50:33,35.01,23.75,25.31,82.99
612,25 April 2022,21:50:34,35.01,23.66,25.41,80.20
613,25 April 2022,21:50:36,35.01,23.66,25.41,78.12
614,25 April 2022,21:50:37,35.01,23.66,25.36,76.36
615,25 April 2022,21:50:38,34.97,23.66,25.36,74.85
616,25 April 2022,21:50:39,34.97,23.56,25.31,73.53
617,25 April 2022,21:50:40,34.97,23.56,25.27,72.25
618,25 April 2022,21:50:41,35.01,23.52,25.27,71.16
619,25 April 2022,21:50:43,35.01,23.42,25.27,70.21
620,25 April 2022,21:50:44,34.92,23.37,25.22,69.27
621,25 April 2022,21:50:45,35.01,23.37,25.17,68.42
622,25 April 2022,21:50:46,35.06,23.37,25.17,67.66
623,25 April 2022,21:50:47,35.01,23.37,25.17,66.95
624,25 April 2022,21:50:48,34.97,23.37,25.17,66.19
625,25 April 2022,21:50:50,35.06,23.37,25.22,65.58
626,25 April 2022,21:50:51,34.92,23.33,25.12,64.96
627,25 April 2022,21:50:52,35.06,23.28,25.12,64.30
628,25 April 2022,21:50:53,34.97,23.28,25.12,63.83
629,25 April 2022,21:50:54,34.92,23.28,25.17,63.26
630,25 April 2022,21:50:55,34.92,23.33,25.22,62.79
631,25 April 2022,21:50:57,34.92,23.42,25.27,62.27
632,25 April 2022,21:50:58,34.92,23.66,25.22,61.74
633,25 April 2022,21:50:59,34.92,23.80,25.22,61.32
634,25 April 2022,21:51:00,34.97,23.89,25.17,60.80
635,25 April 2022,21:51:01,34.97,23.99,25.17,60.37
636,25 April 2022,21:51:02,34.97,23.99,25.12,60.04
637,25 April 2022,21:51:04,34.92,23.99,25.17,59.62
638,25 April 2022,21:51:05,34.92,24.08,25.17,59.19
639,25 April 2022,21:51:06,35.01,24.08,25.12,58.91
640,25 April 2022,21:51:07,34.97,24.18,25.12,58.48
641,25 April 2022,21:51:08,34.92,24.22,25.12,58.05
642,25 April 2022,21:51:09,34.92,24.32,25.08,57.77
643,25 April 2022,21:51:11,34.92,24.18,25.03,57.39
644,25 April 2022,21:51:12,34.92,24.13,24.98,56.97
645,25 April 2022,21:51:13,34.92,24.04,24.98,56.82
646,25 April 2022,21:51:14,34.92,23.99,24.93,56.45
647,25 April 2022,21:51:15,34.92,23.85,24.93,56.16
648,25 April 2022,21:51:16,34.97,23.75,24.89,55.83
649,25 April 2022,21:51:18,34.97,23.75,24.93,55.59
650,25 April 2022,21:51:19,34.92,23.70,24.89,55.36
651,25 April 2022,21:51:20,34.97,23.66,24.93,54.98
652,25 April 2022,21:51:21,34.97,23.56,24.89,54.79
653,25 April 2022,21:51:22,34.87,23.56,24.84,54.51
654,25 April 2022,21:51:23,34.87,23.52,24.89,54.27
655,25 April 2022,21:51:25,34.92,23.47,24.84,53.99
656,25 April 2022,21:51:26,34.92,23.42,24.89,53.80
657,25 April 2022,21:51:27,34.92,23.42,24.84,53.51
658,25 April 2022,21:51:28,34.92,23.37,24.89,53.23
659,25 April 2022,21:51:29,34.82,23.37,24.93,53.09
660,25 April 2022,21:51:30,34.92,23.42,24.84,52.85
661,25 April 2022,21:51:32,34.87,23.47,24.93,52.66
662,25 April 2022,21:51:33,34.87,23.42,24.89,52.38
663,25 April 2022,21:51:34,34.87,23.47,24.93,52.19
664,25 April 2022,21:51:35,34.78,23.52,24.93,51.95
665,25 April 2022,21:51:36,34.87,23.52,24.93,51.81
666,25 April 2022,21:51:37,34.78,23.47,24.84,51.53
667,25 April 2022,21:51:39,34.82,23.47,24.84,51.34
668,25 April 2022,21:51:40,34.87,23.42,24.89,51.10
669,25 April 2022,21:51:41,34.82,23.52,24.89,51.00
670,25 April 2022,21:51:42,34.87,23.56,24.93,50.67
671,25 April 2022,21:51:43,34.78,23.70,24.98,50.53
672,25 April 2022,21:51:44,34.78,23.70,24.93,50.34
673,25 April 2022,21:51:46,34.87,23.70,24.98,50.15
674,25 April 2022,21:51:47,34.78,23.70,25.03,49.96
675,25 April 2022,21:51:48,34.92,23.66,24.98,49.82
676,25 April 2022,21:51:49,34.78,23.66,24.93,49.68
677,25 April 2022,21:51:50,34.87,23.61,24.93,49.44
678,25 April 2022,21:51:51,34.82,23.70,24.98,49.30
679,25 April 2022,21:51:52,34.87,23.56,24.93,49.16
680,25 April 2022,21:51:54,34.82,23.61,24.98,49.06
681,25 April 2022,21:51:56,34.82,23.52,24.93,48.78
682,25 April 2022,21:51:57,34.82,23.56,24.89,48.59
683,25 April 2022,21:51:58,34.78,23.52,24.98,48.35
684,25 April 2022,21:51:59,34.92,23.47,24.84,48.26
685,25 April 2022,21:52:00,34.78,23.47,24.84,48.12
686,25 April 2022,21:52:01,34.87,23.42,24.89,47.98
687,25 April 2022,21:52:03,34.87,23.52,24.89,47.79
688,25 April 2022,21:52:04,34.87,23.85,25.12,47.50
689,25 April 2022,21:52:05,34.78,24.18,25.27,47.41
690,25 April 2022,21:52:06,34.82,24.37,25.41,47.17
691,25 April 2022,21:52:07,34.78,24.37,25.45,46.98
692,25 April 2022,21:52:08,34.82,24.32,25.36,46.94
693,25 April 2022,21:52:10,34.87,24.22,25.36,46.75
694,25 April 2022,21:52:11,34.82,24.18,25.27,46.60
695,25 April 2022,21:52:12,34.87,24.08,25.31,46.42
696,25 April 2022,21:52:13,34.82,23.99,25.31,46.27
697,25 April 2022,21:52:14,34.82,23.99,25.27,46.18
698,25 April 2022,21:52:15,34.82,23.89,25.31,46.04
699,25 April 2022,21:52:17,34.78,23.89,25.27,45.94
700,25 April 2022,21:52:18,34.82,23.89,25.22,45.71
701,25 April 2022,21:52:19,34.78,23.80,25.31,45.66
702,25 April 2022,21:52:20,34.87,23.89,25.36,45.52
703,25 April 2022,21:52:21,34.82,23.99,25.41,45.37
704,25 April 2022,21:52:22,34.82,23.99,25.27,45.14
705,25 April 2022,21:52:24,34.92,24.04,25.31,45.04
706,25 April 2022,21:52:25,34.87,24.13,25.31,44.95
707,25 April 2022,21:52:26,34.82,24.13,25.27,44.85
708,25 April 2022,21:52:27,34.82,24.32,25.27,44.76
709,25 April 2022,21:52:28,34.87,24.37,25.31,44.62
710,25 April 2022,21:52:29,34.87,24.37,25.27,44.52
711,25 April 2022,21:52:31,34.82,24.27,25.27,44.38
712,25 April 2022,21:52:32,34.87,24.22,25.27,44.33
713,25 April 2022,21:52:33,34.92,24.22,25.17,44.19
714,25 April 2022,21:52:34,34.87,24.13,25.17,44.14
715,25 April 2022,21:52:35,34.87,24.04,25.22,44.05
716,25 April 2022,21:52:36,34.87,23.99,25.17,44.00
717,25 April 2022,21:52:38,34.87,23.99,25.12,43.81
718,25 April 2022,21:52:39,34.82,23.99,25.12,43.72
719,25 April 2022,21:52:40,34.78,24.08,25.12,43.58
720,25 April 2022,21:52:41,34.82,23.94,25.17,43.58
721,25 April 2022,21:52:42,34.87,23.94,25.08,43.43
722,25 April 2022,21:52:43,34.87,24.04,25.17,43.34
723,25 April 2022,21:52:44,34.87,24.04,25.08,43.20
724,25 April 2022,21:52:46,34.82,23.99,25.08,43.10
725,25 April 2022,21:52:47,34.87,23.85,25.08,43.01
726,25 April 2022,21:52:48,34.87,23.75,25.12,42.96
727,25 April 2022,21:52:49,34.87,23.70,25.12,42.87
728,25 April 2022,21:52:50,34.82,23.56,25.12,42.72
729,25 April 2022,21:52:51,34.87,23.75,25.31,42.63
730,25 April 2022,21:52:53,34.78,23.99,25.36,42.44
731,25 April 2022,21:52:54,34.87,24.08,25.50,42.39
732,25 April 2022,21:52:55,34.92,24.13,25.41,42.30
733,25 April 2022,21:52:56,34.82,24.13,25.45,42.20
734,25 April 2022,21:52:57,34.82,24.13,25.27,42.20
735,25 April 2022,21:52:58,34.82,24.18,25.36,42.01
736,25 April 2022,21:53:00,34.92,24.37,25.50,41.97
737,25 April 2022,21:53:01,34.82,24.46,25.69,41.83
738,25 April 2022,21:53:02,34.78,24.70,25.83,41.73
739,25 April 2022,21:53:03,34.78,24.84,25.88,41.68
740,25 April 2022,21:53:04,34.82,24.84,25.98,41.68
741,25 April 2022,21:53:05,34.82,24.98,26.07,41.54
742,25 April 2022,21:53:07,34.92,24.98,26.07,41.45
743,25 April 2022,21:53:08,34.82,24.89,26.02,41.35
744,25 April 2022,21:53:09,34.82,24.89,25.98,41.31
745,25 April 2022,21:53:10,34.82,24.84,26.02,41.26
746,25 April 2022,21:53:11,34.82,24.65,25.88,41.16
747,25 April 2022,21:53:12,34.78,24.75,25.79,41.12
748,25 April 2022,21:53:14,34.78,24.65,25.83,41.16
749,25 April 2022,21:53:15,34.82,24.60,25.79,40.93
750,25 April 2022,21:53:16,34.87,24.51,25.64,40.88
751,25 April 2022,21:53:17,34.87,24.41,25.69,40.83
752,25 April 2022,21:53:18,34.78,24.37,25.55,40.83
753,25 April 2022,21:53:19,34.82,24.27,25.55,40.69
754,25 April 2022,21:53:21,34.82,24.27,25.55,40.60
755,25 April 2022,21:53:22,34.82,24.27,25.50,40.60
756,25 April 2022,21:53:23,34.78,24.27,25.50,40.50
757,25 April 2022,21:53:24,34.78,24.27,25.55,40.55
758,25 April 2022,21:53:25,34.82,24.22,25.55,40.36
759,25 April 2022,21:53:26,34.82,24.37,25.64,40.31
760,25 April 2022,21:53:28,34.78,24.60,25.74,40.22
761,25 April 2022,21:53:29,34.78,24.70,25.83,40.17
762,25 April 2022,21:53:30,34.78,24.60,25.69,40.17
763,25 April 2022,21:53:31,34.82,24.56,25.64,40.12
764,25 April 2022,21:53:32,34.78,24.46,25.55,40.03
765,25 April 2022,21:53:33,34.78,24.65,25.64,39.93
766,25 April 2022,21:53:35,34.82,24.75,25.74,39.93
767,25 April 2022,21:53:36,34.78,24.84,25.88,39.89
768,25 April 2022,21:53:37,34.82,25.03,26.02,39.79
769,25 April 2022,21:53:38,34.82,25.12,26.07,39.70
770,25 April 2022,21:53:39,34.78,25.22,26.16,39.65
771,25 April 2022,21:53:40,34.78,25.36,26.35,39.65
772,25 April 2022,21:53:42,34.82,25.50,26.40,39.60
773,25 April 2022,21:53:43,34.78,25.60,26.50,39.46
774,25 April 2022,21:53:44,34.82,25.60,26.59,39.46
775,25 April 2022,21:53:45,34.78,25.55,26.59,39.46
776,25 April 2022,21:53:46,34.78,25.55,26.50,39.37
777,25 April 2022,21:53:47,34.78,25.55,26.50,39.32
778,25 April 2022,21:53:49,34.87,25.50,26.54,39.22
779,25 April 2022,21:53:50,34.82,25.50,26.40,39.22
780,25 April 2022,21:53:51,34.78,25.60,26.50,39.13
781,25 April 2022,21:53:52,34.78,25.55,26.64,39.13
782,25 April 2022,21:53:53,34.78,25.50,26.54,39.03
783,25 April 2022,21:53:54,34.78,25.69,26.54,39.03
784,25 April 2022,21:53:55,34.78,25.50,26.59,38.94
785,25 April 2022,21:53:57,34.78,25.50,26.45,38.84
786,25 April 2022,21:53:58,34.78,25.31,26.31,38.84
787,25 April 2022,21:53:59,34.78,25.31,26.31,38.75
788,25 April 2022,21:54:00,34.78,25.22,26.26,38.75
789,25 April 2022,21:54:01,34.78,25.12,26.21,38.66
790,25 April 2022,21:54:02,34.73,24.93,26.12,38.66
791,25 April 2022,21:54:04,34.73,24.89,26.07,38.61
792,25 April 2022,21:54:05,34.73,24.84,26.02,38.61
793,25 April 2022,21:54:06,34.82,24.75,25.98,38.47
794,25 April 2022,21:54:07,34.78,24.70,25.98,38.47
795,25 April 2022,21:54:08,34.78,24.65,25.88,38.47
796,25 April 2022,21:54:09,34.78,24.51,25.79,38.47
797,25 April 2022,21:54:11,34.78,24.51,25.83,38.37
798,25 April 2022,21:54:12,34.73,24.60,25.83,38.28
799,25 April 2022,21:54:13,34.73,24.70,25.83,38.28
800,25 April 2022,21:54:14,34.78,24.65,25.88,38.23
801,25 April 2022,21:54:15,34.73,24.65,25.83,38.23
802,25 April 2022,21:54:16,34.78,24.56,25.83,38.23
803,25 April 2022,21:54:18,34.73,24.65,25.79,38.14
804,25 April 2022,21:54:19,34.78,24.56,25.74,38.09
805,25 April 2022,21:54:20,34.78,24.56,25.83,38.09
806,25 April 2022,21:54:21,34.78,24.37,25.74,37.99
807,25 April 2022,21:54:22,34.78,24.41,25.64,37.99
808,25 April 2022,21:54:23,34.78,24.27,25.69,37.99
809,25 April 2022,21:54:25,34.73,24.46,25.69,37.90
810,25 April 2022,21:54:26,34.78,24.65,25.79,37.90
811,25 April 2022,21:54:27,34.73,24.70,25.83,37.85
812,25 April 2022,21:54:28,34.78,24.70,25.69,37.76
813,25 April 2022,21:54:29,34.73,24.75,25.64,37.85
814,25 April 2022,21:54:30,34.73,24.84,25.83,37.76
815,25 April 2022,21:54:32,34.73,24.89,25.98,37.71
816,25 April 2022,21:54:33,34.73,24.98,25.88,37.71
817,25 April 2022,21:54:34,34.78,24.98,25.98,37.61
818,25 April 2022,21:54:35,34.73,24.98,26.02,37.61
819,25 April 2022,21:54:36,34.68,24.98,25.93,37.61
820,25 April 2022,21:54:37,34.68,24.98,25.98,37.61
821,25 April 2022,21:54:39,34.73,24.93,25.93,37.52
822,25 April 2022,21:54:40,34.78,24.89,25.83,37.47
823,25 April 2022,21:54:41,34.73,24.70,25.83,37.47
824,25 April 2022,21:54:42,34.82,24.65,25.74,37.52
825,25 April 2022,21:54:43,34.78,24.51,25.79,37.47
826,25 April 2022,21:54:44,34.68,24.41,25.74,37.47
827,25 April 2022,21:54:46,34.82,24.37,25.69,37.38
828,25 April 2022,21:54:47,34.73,24.32,25.69,37.38
829,25 April 2022,21:54:48,34.73,24.13,25.64,37.33
830,25 April 2022,21:54:49,34.73,24.13,25.69,37.38
831,25 April 2022,21:54:50,34.78,24.08,25.69,37.24
832,25 April 2022,21:54:51,34.68,24.08,25.55,37.24
833,25 April 2022,21:54:53,34.78,23.99,25.60,37.19
834,25 April 2022,21:54:54,34.78,23.99,25.60,37.19
835,25 April 2022,21:54:55,34.78,24.18,25.55,37.19
836,25 April 2022,21:54:56,34.78,24.32,25.60,37.19
837,25 April 2022,21:54:57,34.82,24.41,25.60,37.14
838,25 April 2022,21:54:58,34.78,24.27,25.55,37.09
839,25 April 2022,21:55:00,34.78,24.32,25.50,37.14
840,25 April 2022,21:55:01,34.73,24.37,25.64,37.05
841,25 April 2022,21:55:02,34.78,24.56,25.74,37.09
842,25 April 2022,21:55:03,34.68,24.70,25.74,37.00
843,25 April 2022,21:55:04,34.78,24.70,25.83,36.95
844,25 April 2022,21:55:05,34.78,24.65,25.83,37.00
845,25 April 2022,21:55:07,34.78,24.56,25.74,36.90
846,25 April 2022,21:55:08,34.73,24.56,25.79,36.90
847,25 April 2022,21:55:09,34.78,24.56,25.74,36.90
848,25 April 2022,21:55:10,34.78,24.70,25.93,36.86
849,25 April 2022,21:55:11,34.78,24.84,26.07,36.90
850,25 April 2022,21:55:12,34.68,24.89,25.98,36.81
851,25 April 2022,21:55:14,34.78,24.98,26.12,36.81
852,25 April 2022,21:55:15,34.73,24.98,26.12,36.76
853,25 April 2022,21:55:16,34.82,25.03,26.16,36.76
854,25 April 2022,21:55:17,34.78,24.93,26.12,36.72
855,25 April 2022,21:55:18,34.73,25.12,26.26,36.76
856,25 April 2022,21:55:19,34.78,25.22,26.31,36.76
857,25 April 2022,21:55:21,34.78,25.36,26.40,36.62
858,25 April 2022,21:55:22,34.68,25.45,26.40,36.72
859,25 April 2022,21:55:23,34.78,25.50,26.54,36.67
860,25 April 2022,21:55:24,34.78,25.55,26.64,36.62
861,25 April 2022,21:55:25,34.78,25.60,26.64,36.57
862,25 April 2022,21:55:26,34.78,25.64,26.64,36.57
863,25 April 2022,21:55:28,34.78,25.74,26.69,36.53
864,25 April 2022,21:55:29,34.73,25.74,26.69,36.57
865,25 April 2022,21:55:30,34.63,25.69,26.73,36.48
866,25 April 2022,21:55:31,34.82,25.83,26.78,36.48
867,25 April 2022,21:55:32,34.78,25.88,26.87,36.48
868,25 April 2022,21:55:33,34.73,25.93,26.92,36.43
869,25 April 2022,21:55:35,34.68,25.88,26.83,36.43
870,25 April 2022,21:55:36,34.78,25.98,26.83,36.38
871,25 April 2022,21:55:37,34.78,25.98,26.83,36.43
872,25 April 2022,21:55:38,34.73,26.07,26.83,36.48
873,25 April 2022,21:55:39,34.78,26.07,26.87,36.38
874,25 April 2022,21:55:40,34.63,26.07,26.83,36.43
875,25 April 2022,21:55:42,34.78,26.12,26.78,36.43
876,25 April 2022,21:55:43,34.73,26.07,26.83,36.34
877,25 April 2022,21:55:44,34.78,25.98,26.73,36.34
878,25 April 2022,21:55:45,34.78,25.88,26.69,36.34
879,25 April 2022,21:55:46,34.78,25.83,26.69,36.34
880,25 April 2022,21:55:47,34.73,25.74,26.50,36.29
881,25 April 2022,21:55:49,34.73,25.64,26.40,36.29
882,25 April 2022,21:55:50,34.68,25.50,26.40,36.34
883,25 April 2022,21:55:51,34.82,25.55,26.40,36.34
884,25 April 2022,21:55:52,34.78,25.41,26.40,36.24
885,25 April 2022,21:55:53,34.78,25.55,26.40,36.29
886,25 April 2022,21:55:54,34.73,25.64,26.50,36.29
887,25 April 2022,21:55:56,34.82,25.69,26.45,36.29
888,25 April 2022,21:55:57,34.78,25.74,26.50,36.15
889,25 April 2022,21:55:58,34.78,25.83,26.45,36.29
890,25 April 2022,21:55:59,34.78,25.83,26.31,36.20
891,25 April 2022,21:56:00,34.78,25.83,26.59,36.20
892,25 April 2022,21:56:01,34.73,25.93,26.50,36.15
893,25 April 2022,21:56:03,34.78,25.83,26.40,36.10
894,25 April 2022,21:56:04,34.73,25.88,26.50,36.05
895,25 April 2022,21:56:05,34.63,25.93,26.54,36.05
896,25 April 2022,21:56:06,34.73,25.93,26.45,36.10
897,25 April 2022,21:56:07,34.78,25.88,26.45,36.05
898,25 April 2022,21:56:08,34.73,25.69,26.40,36.01
899,25 April 2022,21:56:10,34.68,25.55,26.40,35.96
900,25 April 2022,21:56:11,34.78,25.50,26.35,35.96
901,25 April 2022,21:56:12,34.68,25.50,26.40,35.96
902,25 April 2022,21:56:13,34.78,25.45,26.26,35.91
903,25 April 2022,21:56:14,34.73,25.45,26.40,35.96
904,25 April 2022,21:56:15,34.68,25.45,26.35,35.91
905,25 April 2022,21:56:17,34.63,25.50,26.45,35.96
906,25 April 2022,21:56:18,34.78,25.55,26.45,35.91
907,25 April 2022,21:56:19,34.78,25.55,26.54,36.01
908,25 April 2022,21:56:20,34.68,25.55,26.54,35.82
909,25 April 2022,21:56:21,34.68,25.55,26.64,35.91
910,25 April 2022,21:56:22,34.73,25.60,26.64,35.86
911,25 April 2022,21:56:23,34.73,25.64,26.69,35.86
912,25 April 2022,21:56:25,34.73,25.69,26.87,35.91
913,25 April 2022,21:56:26,34.73,25.79,26.83,35.82
914,25 April 2022,21:56:27,34.78,25.79,26.92,35.82
915,25 April 2022,21:56:28,34.73,25.83,26.92,35.91
916,25 April 2022,21:56:29,34.73,25.83,26.97,35.77
917,25 April 2022,21:56:30,34.73,25.93,27.06,35.77
918,25 April 2022,21:56:32,34.73,26.02,27.06,35.77
919,25 April 2022,21:56:33,34.68,26.02,27.11,35.77
920,25 April 2022,21:56:34,34.68,26.12,27.16,35.77
921,25 April 2022,21:56:35,34.78,26.16,27.30,35.82
922,25 April 2022,21:56:36,34.68,26.26,27.35,35.77
923,25 April 2022,21:56:37,34.78,26.31,27.44,35.77
924,25 April 2022,21:56:39,34.78,26.40,27.54,35.72
925,25 April 2022,21:56:40,34.73,26.54,27.54,35.72
926,25 April 2022,21:56:41,34.78,26.54,27.73,35.77
927,25 April 2022,21:56:42,34.68,26.69,27.73,35.72
928,25 April 2022,21:56:43,34.73,26.78,27.77,35.67
929,25 April 2022,21:56:44,34.78,26.83,27.87,35.63
930,25 April 2022,21:56:46,34.78,26.83,27.87,35.67
931,25 April 2022,21:56:47,34.78,26.97,27.96,35.67
932,25 April 2022,21:56:48,34.78,26.97,28.01,35.72
933,25 April 2022,21:56:49,34.73,27.06,28.06,35.63
934,25 April 2022,21:56:50,34.78,27.11,28.10,35.63
935,25 April 2022,21:56:51,34.73,27.25,28.15,35.63
936,25 April 2022,21:56:53,34.78,27.30,28.20,35.58
937,25 April 2022,21:56:54,34.68,27.35,28.29,35.49
938,25 April 2022,21:56:55,34.73,27.44,28.39,35.53
939,25 April 2022,21:56:56,34.73,27.39,28.44,35.53
940,25 April 2022,21:56:57,34.73,27.54,28.48,35.53
941,25 April 2022,21:56:58,34.73,27.54,28.53,35.58
942,25 April 2022,21:57:00,34.82,27.58,28.58,35.58
943,25 April 2022,21:57:01,34.78,27.68,28.67,35.58
944,25 April 2022,21:57:02,34.73,27.77,28.72,35.53
945,25 April 2022,21:57:03,34.73,27.87,28.77,35.49
946,25 April 2022,21:57:04,34.73,27.92,28.81,35.53
947,25 April 2022,21:57:05,34.82,27.96,28.86,35.49
948,25 April 2022,21:57:07,34.73,27.96,28.91,35.49
949,25 April 2022,21:57:08,34.78,28.06,28.96,35.49
950,25 April 2022,21:57:09,34.78,28.06,28.96,35.49
951,25 April 2022,21:57:10,34.78,28.10,29.05,35.49
952,25 April 2022,21:57:11,34.82,28.10,29.10,35.49
953,25 April 2022,21:57:12,34.73,28.15,29.10,35.44
954,25 April 2022,21:57:14,34.78,28.25,29.15,35.49
955,25 April 2022,21:57:15,34.78,28.25,29.15,35.44
956,25 April 2022,21:57:16,34.78,28.39,29.19,35.44
957,25 April 2022,21:57:17,34.78,28.29,29.24,35.53
958,25 April 2022,21:57:18,34.78,28.39,29.29,35.49
959,25 April 2022,21:57:19,34.78,28.39,29.33,35.34
960,25 April 2022,21:57:21,34.73,28.44,29.38,35.34
961,25 April 2022,21:57:22,34.78,28.44,29.38,35.49
962,25 April 2022,21:57:23,34.78,28.53,29.43,35.39
963,25 April 2022,21:57:24,34.78,28.48,29.48,35.34
964,25 April 2022,21:57:25,34.82,28.53,29.52,35.39
965,25 April 2022,21:57:26,34.78,28.53,29.52,35.34
966,25 April 2022,21:57:28,34.78,28.67,29.52,35.34
967,25 April 2022,21:57:29,34.78,28.67,29.57,35.34
968,25 April 2022,21:57:30,34.78,28.67,29.62,35.34
969,25 April 2022,21:57:31,34.82,28.67,29.71,35.34
970,25 April 2022,21:57:33,34.82,28.72,29.62,35.44
971,25 April 2022,21:57:34,34.78,28.72,29.57,35.34
972,25 April 2022,21:57:35,34.82,28.72,29.67,35.39
973,25 April 2022,21:57:36,34.73,28.67,29.67,35.34
974,25 April 2022,21:57:37,34.82,28.86,29.81,35.34
975,25 April 2022,21:57:38,34.78,28.81,29.81,35.30
976,25 April 2022,21:57:40,34.82,28.86,29.81,35.39
977,25 April 2022,21:57:41,34.78,28.86,29.86,35.39
978,25 April 2022,21:57:42,34.78,28.81,29.81,35.30
979,25 April 2022,21:57:43,34.78,28.86,29.90,35.30
980,25 April 2022,21:57:44,34.78,28.91,29.90,35.30
981,25 April 2022,21:57:45,34.78,28.96,29.95,35.34
982,25 April 2022,21:57:47,34.82,28.91,29.95,35.34
983,25 April 2022,21:57:48,34.78,29.00,30.04,35.30
984,25 April 2022,21:57:49,34.78,28.96,30.04,35.25
985,25 April 2022,21:57:50,34.78,29.05,30.09,35.20
986,25 April 2022,21:57:51,34.78,29.10,30.09,35.30
987,25 April 2022,21:57:52,34.78,29.00,30.09,35.30
988,25 April 2022,21:57:54,34.78,29.10,30.09,35.30
989,25 April 2022,21:57:55,34.82,29.10,30.09,35.20
990,25 April 2022,21:57:56,34.78,29.05,30.09,35.20
991,25 April 2022,21:57:57,34.78,29.10,30.09,35.25
992,25 April 2022,21:57:58,34.78,29.10,30.19,35.30
993,25 April 2022,21:57:59,34.78,29.10,30.19,35.25
994,25 April 2022,21:58:01,34.78,29.05,30.23,35.20
995,25 April 2022,21:58:02,34.78,29.15,30.23,35.20
996,25 April 2022,21:58:03,34.87,29.10,30.23,35.20
997,25 April 2022,21:58:04,34.82,29.15,30.33,35.20
998,25 April 2022,21:58:05,34.82,29.24,30.33,35.20
999,25 April 2022,21:58:06,34.82,29.19,30.28,35.20
1000,25 April 2022,21:58:08,34.82,29.19,30.33,35.20
1001,25 April 2022,21:58:09,34.92,29.10,30.33,35.20
1002,25 April 2022,21:58:10,34.87,29.24,30.33,35.20
1003,25 April 2022,21:58:11,34.82,29.19,30.33,35.25
1004,25 April 2022,21:58:12,34.82,29.24,30.33,35.25
1005,25 April 2022,21:58:13,34.87,29.24,30.38,35.20
1006,25 April 2022,21:58:15,34.87,29.19,30.42,35.20
1007,25 April 2022,21:58:16,34.87,29.24,30.42,35.20
1008,25 April 2022,21:58:17,34.78,29.24,30.47,35.20
1009,25 April 2022,21:58:18,34.82,29.24,30.42,35.11
1010,25 April 2022,21:58:19,34.92,29.24,30.47,35.20
1011,25 April 2022,21:58:20,34.82,29.24,30.52,35.15
1012,25 April 2022,21:58:22,34.82,29.33,30.52,35.15
1013,25 April 2022,21:58:23,34.82,29.33,30.52,35.20
1014,25 April 2022,21:58:24,34.87,29.29,30.56,35.15
1015,25 April 2022,21:58:25,34.82,29.24,30.56,35.11
1016,25 April 2022,21:58:26,34.82,29.38,30.61,35.15
1017,25 April 2022,21:58:27,34.82,29.33,30.56,35.20
1018,25 April 2022,21:58:29,34.92,29.38,30.52,35.11
1019,25 April 2022,21:58:30,34.82,29.43,30.61,35.15
1020,25 April 2022,21:58:31,34.82,29.38,30.61,35.11
1021,25 April 2022,21:58:32,34.87,29.43,30.71,35.11
1022,25 April 2022,21:58:33,34.82,29.38,30.61,35.06
1023,25 April 2022,21:58:34,34.87,29.38,30.71,35.20
1024,25 April 2022,21:58:36,34.87,29.38,30.66,35.06
1025,25 April 2022,21:58:37,34.92,29.38,30.71,35.20
1026,25 April 2022,21:58:38,34.82,29.38,30.66,35.15
1027,25 April 2022,21:58:39,34.82,29.38,30.66,35.11
1028,25 April 2022,21:58:40,34.87,29.38,30.75,35.06
1029,25 April 2022,21:58:41,34.82,29.43,30.80,35.06
1030,25 April 2022,21:58:43,34.82,29.38,30.75,35.11
1031,25 April 2022,21:58:44,34.82,29.52,30.71,35.11
1032,25 April 2022,21:58:45,34.87,29.43,30.80,35.11
1033,25 April 2022,21:58:46,34.87,29.52,30.80,35.06
1034,25 April 2022,21:58:47,34.78,29.43,30.80,35.06
1035,25 April 2022,21:58:48,34.87,29.52,30.90,35.06
1036,25 April 2022,21:58:50,34.87,29.48,30.80,35.06
1037,25 April 2022,21:58:51,34.87,29.52,30.90,35.06
1038,25 April 2022,21:58:52,34.82,29.52,30.85,35.06
1039,25 April 2022,21:58:53,34.82,29.52,30.85,35.01
1040,25 April 2022,21:58:54,34.82,29.52,30.90,35.06
1041,25 April 2022,21:58:55,34.87,29.52,30.85,35.06
1042,25 April 2022,21:58:57,34.87,29.52,30.90,35.06
1043,25 April 2022,21:58:58,34.82,29.57,30.94,35.11
1044,25 April 2022,21:58:59,34.82,29.62,30.94,35.01
1045,25 April 2022,21:59:00,34.87,29.52,30.90,35.11
1046,25 April 2022,21:59:01,34.87,29.52,30.94,35.01
1047,25 April 2022,21:59:02,34.78,29.57,30.94,35.06
1048,25 April 2022,21:59:04,34.82,29.57,30.99,35.06
1049,25 April 2022,21:59:05,34.82,29.57,30.94,35.06
1050,25 April 2022,21:59:06,34.87,29.57,30.94,35.01
1051,25 April 2022,21:59:07,34.87,29.52,31.04,35.06
1052,25 April 2022,21:59:08,34.87,29.67,31.09,35.01
1053,25 April 2022,21:59:09,34.92,29.52,31.04,35.06
1054,25 April 2022,21:59:10,34.82,29.62,31.09,35.01
1055,25 April 2022,21:59:12,34.82,29.62,31.09,35.06
1056,25 April 2022,21:59:13,34.78,29.62,31.09,35.01
1057,25 April 2022,21:59:14,34.92,29.62,31.13,35.01
1058,25 April 2022,21:59:15,34.82,29.67,31.09,35.06
1059,25 April 2022,21:59:16,34.82,29.67,31.18,34.97
1060,25 April 2022,21:59:17,34.87,29.62,31.09,34.97
1061,25 April 2022,21:59:19,34.92,29.62,31.13,34.97
1062,25 April 2022,21:59:20,34.92,29.62,31.13,34.97
1063,25 April 2022,21:59:21,34.92,29.67,31.23,34.92
1064,25 April 2022,21:59:22,34.87,29.62,31.13,35.01
1065,25 April 2022,21:59:23,34.82,29.62,31.13,34.97
1066,25 April 2022,21:59:24,34.78,29.62,31.27,35.01
1067,25 April 2022,21:59:26,34.87,29.67,31.13,34.97
1068,25 April 2022,21:59:27,34.87,29.71,31.27,34.92
1069,25 April 2022,21:59:28,34.82,29.62,31.23,35.01
1070,25 April 2022,21:59:29,34.87,29.71,31.27,34.97
1071,25 April 2022,21:59:30,34.82,29.71,31.23,34.92
1072,25 April 2022,21:59:31,34.82,29.71,31.23,35.06
1073,25 April 2022,21:59:33,34.78,29.71,31.23,34.92
1074,25 April 2022,21:59:34,34.82,29.76,31.27,34.92
1075,25 April 2022,21:59:35,34.87,29.71,31.32,34.97
1076,25 April 2022,21:59:36,34.87,29.71,31.23,34.97
1077,25 April 2022,21:59:37,34.87,29.71,31.32,34.92
1078,25 April 2022,21:59:38,34.78,29.71,31.27,34.92
1079,25 April 2022,21:59:40,34.82,29.76,31.32,34.97
1080,25 April 2022,21:59:41,34.87,29.76,31.27,34.97
1081,25 April 2022,21:59:42,34.82,29.71,31.37,34.92
1082,25 April 2022,21:59:43,34.87,29.81,31.32,34.92
1083,25 April 2022,21:59:44,34.82,29.76,31.37,34.92
1084,25 April 2022,21:59:45,34.82,29.81,31.32,34.92
1085,25 April 2022,21:59:47,34.87,29.71,31.37,34.92
1086,25 April 2022,21:59:48,34.82,29.76,31.37,34.97
1087,25 April 2022,21:59:49,34.92,29.76,31.37,34.97
1088,25 April 2022,21:59:50,34.92,29.81,31.42,34.92
1089,25 April 2022,21:59:51,34.92,29.86,31.37,34.97
1090,25 April 2022,21:59:52,34.87,29.81,31.42,35.01
1091,25 April 2022,21:59:54,34.82,29.86,31.46,34.97
1092,25 April 2022,21:59:55,34.87,29.81,31.42,34.92
1093,25 April 2022,21:59:56,34.87,29.86,31.46,34.97
1094,25 April 2022,21:59:57,34.87,29.81,31.46,34.92
1095,25 April 2022,21:59:58,34.82,29.86,31.51,34.92
1096,25 April 2022,22:00:00,34.87,29.81,31.56,34.92
1097,25 April 2022,22:00:01,34.82,29.81,31.51,34.92
1098,25 April 2022,22:00:02,34.87,29.86,31.51,34.92
1099,25 April 2022,22:00:03,34.87,29.86,31.51,34.87
1100,25 April 2022,22:00:05,34.82,29.90,31.56,34.92
1101,25 April 2022,22:00:06,34.92,29.86,31.56,34.92
1102,25 April 2022,22:00:07,34.87,29.81,31.51,34.92
1103,25 April 2022,22:00:08,34.82,29.90,31.61,34.92
1104,25 April 2022,22:00:09,34.82,29.90,31.51,34.92
1105,25 April 2022,22:00:11,34.92,29.95,31.56,34.92
1106,25 April 2022,22:00:12,34.92,29.95,31.56,34.92
1107,25 April 2022,22:00:13,34.87,29.95,31.61,34.92
1108,25 April 2022,22:00:14,34.92,29.86,31.61,34.87
1109,25 April 2022,22:00:15,34.87,29.95,31.61,34.92
1110,25 April 2022,22:00:17,34.87,29.90,31.56,34.97
1111,25 April 2022,22:00:18,34.92,29.90,31.61,34.92
1112,25 April 2022,22:00:19,34.87,29.95,31.65,34.92
1113,25 April 2022,22:00:20,34.87,29.95,31.65,34.87
1114,25 April 2022,22:00:21,34.87,29.95,31.65,34.97
1115,25 April 2022,22:00:22,34.92,29.95,31.65,34.92
1116,25 April 2022,22:00:24,34.82,29.95,31.65,34.92
1117,25 April 2022,22:00:25,34.82,29.90,31.70,34.92
1118,25 April 2022,22:00:26,34.87,29.95,31.70,34.87
1119,25 April 2022,22:00:27,34.82,29.95,31.65,34.92
1120,25 April 2022,22:00:29,34.82,29.95,31.65,34.87
1121,25 April 2022,22:00:30,34.87,30.00,31.70,34.92
1122,25 April 2022,22:00:31,34.82,30.00,31.65,34.92
1123,25 April 2022,22:00:32,34.78,30.00,31.70,34.87
1124,25 April 2022,22:00:33,34.87,29.95,31.80,34.87
1125,25 April 2022,22:00:34,34.92,29.95,31.75,34.87
1126,25 April 2022,22:00:36,34.82,30.09,31.80,34.92
1127,25 April 2022,22:00:37,34.92,29.95,31.75,34.92
1128,25 April 2022,22:00:38,34.87,30.00,31.75,34.92
1129,25 April 2022,22:00:39,34.92,29.95,31.80,34.87
1130,25 April 2022,22:00:40,34.87,29.95,31.84,34.87
1131,25 April 2022,22:00:42,34.92,30.00,31.84,34.92
1132,25 April 2022,22:00:43,34.87,30.09,31.80,34.78
1133,25 April 2022,22:00:44,34.87,30.04,31.80,34.87
1134,25 April 2022,22:00:45,34.82,30.09,31.75,34.87
1135,25 April 2022,22:00:46,34.92,30.09,31.84,34.87
1136,25 April 2022,22:00:48,34.87,30.00,31.84,34.87
1137,25 April 2022,22:00:49,34.92,30.04,31.80,34.87
1138,25 April 2022,22:00:50,34.87,30.09,31.89,34.87
1139,25 April 2022,22:00:51,34.87,30.09,31.84,34.87
1140,25 April 2022,22:00:52,34.92,30.09,31.84,34.87
1141,25 April 2022,22:00:54,34.87,30.00,31.80,34.82
1142,25 April 2022,22:00:55,34.87,30.09,31.80,34.92
1143,25 April 2022,22:00:56,34.82,30.04,31.89,34.92
1144,25 April 2022,22:00:57,34.92,30.09,31.84,34.87
1145,25 April 2022,22:00:58,34.92,30.09,31.84,34.87
1146,25 April 2022,22:01:00,34.92,30.14,31.80,34.87
1147,25 April 2022,22:01:01,34.87,30.14,31.94,34.92
1148,25 April 2022,22:01:02,34.92,30.09,31.89,34.87
1149,25 April 2022,22:01:03,34.92,30.09,31.89,34.87
1150,25 April 2022,22:01:04,34.87,30.04,31.94,34.87
1151,25 April 2022,22:01:05,34.92,30.09,31.94,34.92
1152,25 April 2022,22:01:07,34.87,30.09,31.89,34.87
1153,25 April 2022,22:01:08,34.92,30.14,31.94,34.78
1154,25 April 2022,22:01:09,34.87,30.14,31.94,34.82
1155,25 April 2022,22:01:10,34.87,30.14,31.98,34.82
1156,25 April 2022,22:01:12,34.87,30.14,31.94,34.82
1157,25 April 2022,22:01:13,34.82,30.14,31.94,34.78
1158,25 April 2022,22:01:14,34.82,30.14,31.98,34.87
1159,25 April 2022,22:01:15,34.87,30.23,32.08,34.87
1160,25 April 2022,22:01:16,34.82,30.14,31.98,34.78
1161,25 April 2022,22:01:18,34.92,30.19,32.08,34.78
1162,25 April 2022,22:01:19,34.92,30.14,32.03,34.82
1163,25 April 2022,22:01:20,34.82,30.14,32.03,34.82
1164,25 April 2022,22:01:21,34.92,30.23,31.98,34.82
1165,25 April 2022,22:01:22,34.87,30.23,32.03,34.87
1166,25 April 2022,22:01:24,34.92,30.14,32.08,34.82
1167,25 April 2022,22:01:25,34.92,30.23,32.08,34.82
1168,25 April 2022,22:01:26,34.92,30.28,32.08,34.82
1169,25 April 2022,22:01:27,34.87,30.28,32.17,34.78
1170,25 April 2022,22:01:28,34.87,30.28,32.08,34.82
1171,25 April 2022,22:01:30,34.92,30.23,32.08,34.82
1172,25 April 2022,22:01:31,34.87,30.19,32.08,34.78
1173,25 April 2022,22:01:32,34.92,30.28,32.13,34.82
1174,25 April 2022,22:01:33,34.97,30.23,32.03,34.82
1175,25 April 2022,22:01:35,34.87,30.23,32.13,34.87
1176,25 April 2022,22:01:36,34.87,30.23,32.08,34.78
1177,25 April 2022,22:01:37,34.92,30.33,32.08,34.82
1178,25 April 2022,22:01:38,34.92,30.28,32.13,34.82
1179,25 April 2022,22:01:39,34.87,30.23,32.13,34.78
1180,25 April 2022,22:01:40,34.92,30.28,32.13,34.82
1181,25 April 2022,22:01:42,34.82,30.23,32.08,34.82
1182,25 April 2022,22:01:43,34.92,30.23,32.08,34.87
1183,25 April 2022,22:01:44,34.92,30.23,32.13,34.78
1184,25 April 2022,22:01:45,34.87,30.33,32.08,34.82
1185,25 April 2022,22:01:46,34.87,30.28,32.22,34.87
1186,25 April 2022,22:01:48,34.87,30.28,32.22,34.82
1187,25 April 2022,22:01:49,34.87,30.33,32.27,34.82
1188,25 April 2022,22:01:50,34.92,30.38,32.22,34.82
1189,25 April 2022,22:01:51,34.87,30.33,32.13,34.87
1190,25 April 2022,22:01:52,34.87,30.28,32.22,34.82
1191,25 April 2022,22:01:53,34.92,30.23,32.27,34.82
1192,25 April 2022,22:01:55,34.87,30.28,32.27,34.82
1193,25 April 2022,22:01:56,34.87,30.38,32.17,34.82
1194,25 April 2022,22:01:57,34.87,30.28,32.27,34.87
1195,25 April 2022,22:01:58,34.82,30.33,32.22,34.82
1196,25 April 2022,22:01:59,34.82,30.33,32.22,34.78
1197,25 April 2022,22:02:01,34.82,30.38,32.32,34.78
1198,25 April 2022,22:02:02,34.87,30.33,32.22,34.82
1199,25 April 2022,22:02:03,34.82,30.47,32.22,34.78
1200,25 April 2022,22:02:04,34.87,30.33,32.36,34.78
1201,25 April 2022,22:02:05,34.87,30.38,32.27,34.78
1202,25 April 2022,22:02:07,34.92,30.38,32.27,34.78
1203,25 April 2022,22:02:08,34.87,30.33,32.32,34.78
1204,25 April 2022,22:02:09,34.92,30.33,32.32,34.78
1205,25 April 2022,22:02:11,34.92,30.38,32.32,34.78
1206,25 April 2022,22:02:12,34.87,30.33,32.22,34.82
1207,25 April 2022,22:02:13,34.87,30.47,32.32,34.73
1208,25 April 2022,22:02:14,34.87,30.42,32.32,34.78
1209,25 April 2022,22:02:15,34.82,30.38,32.36,34.78
1210,25 April 2022,22:02:16,34.92,30.38,32.36,34.78
1211,25 April 2022,22:02:18,34.92,30.42,32.32,34.68
1212,25 April 2022,22:02:19,34.87,30.47,32.36,34.78
1213,25 April 2022,22:02:20,34.82,30.47,32.32,34.82
1214,25 April 2022,22:02:21,34.92,30.47,32.36,34.78
1215,25 April 2022,22:02:22,34.87,30.42,32.32,34.78
